14.0
19.0
26.0
27.0
36.0
38.0
43.0
44.0
46.0
57.0
61.0
67.0
71.0
80.0
89.0
91.0
94.0
100.0
107.0
113.0
118.0
122.0
126.0
129.0
133.0
141.0
143.0
152.0
156.0
162.0
167.0
184.0
187.0
199.0
203.0
211.0
213.0
215.0
218.0
219.0
220.0
221.0
225.0
227.0
236.0
241.0
243.0
245.0
253.0
255.0
263.0
270.0
272.0
276.0
293.0
296.0
301.0
302.0
312.0
323.0
324.0
327.0
336.0
349.0
357.0
367.0
369.0
370.0
381.0
386.0
390.0
393.0
398.0
399.0
400.0
404.0
413.0
416.0
420.0
421.0
424.0
444.0
446.0
457.0
465.0
468.0
470.0
475.0
477.0
478.0
479.0
485.0
486.0
489.0
490.0
495.0
499.0
503.0
506.0
507.0
510.0
511.0
516.0
523.0
526.0
532.0
533.0
541.0
542.0
546.0
550.0
553.0
560.0
565.0
567.0
569.0
576.0
577.0
578.0
579.0
584.0
605.0
617.0
619.0
620.0
627.0
635.0
641.0
646.0
647.0
649.0
651.0
667.0
670.0
673.0
678.0
680.0
681.0
688.0
692.0
695.0
698.0
700.0
704.0
707.0
709.0
715.0
723.0
725.0
735.0
741.0
745.0
749.0
752.0
753.0
758.0
759.0
763.0
771.0
783.0
786.0
793.0
794.0
798.0
799.0
800.0
806.0
808.0
811.0
813.0
817.0
820.0
832.0
833.0
841.0
851.0
855.0
856.0
862.0
867.0
885.0
887.0
894.0
898.0
900.0
901.0
906.0
907.0
908.0
911.0
913.0
914.0
933.0
944.0
949.0
950.0
953.0
956.0
958.0
967.0
971.0
973.0
977.0
981.0
982.0
984.0
985.0
988.0
990.0
993.0
995.0
1000.0
1008.0
1022.0
1026.0
1037.0
1038.0
1042.0
1054.0
1058.0
1059.0
1062.0
1077.0
1084.0
1085.0
1091.0
1093.0
1095.0
1097.0
1098.0
1100.0
1106.0
1111.0
1115.0
1121.0
1127.0
1128.0
1134.0
1135.0
1142.0
1151.0
1155.0
1157.0
1159.0
1169.0
1171.0
1177.0
1183.0
1204.0
1206.0
1208.0
1209.0
1212.0
1220.0
1228.0
1230.0
1231.0
1236.0
1240.0
1261.0
1267.0
1273.0
1279.0
1282.0
1283.0
1293.0
1300.0
1309.0
1310.0
1312.0
1320.0
1326.0
1328.0
1330.0
1334.0
1335.0
1338.0
1345.0
1347.0
1356.0
1370.0
1373.0
1374.0
1377.0
1378.0
1381.0
1382.0
1383.0
1385.0
1396.0
1398.0
1404.0
1410.0
1421.0
1435.0
1436.0
1449.0
1454.0
1455.0
1456.0
1463.0
1466.0
1467.0
1469.0
1477.0
1494.0
1503.0
1504.0
1511.0
1513.0
1521.0
1526.0
1527.0
1529.0
1538.0
1549.0
1556.0
1561.0
1568.0
1569.0
1570.0
1571.0
1576.0
1578.0
1592.0
1594.0
1601.0
1605.0
1638.0
1649.0
1650.0
1651.0
1654.0
1658.0
1661.0
1664.0
1675.0
1679.0
1694.0
1697.0
1700.0
1702.0
1705.0
1706.0
1709.0
1710.0
1712.0
1717.0
1723.0
1739.0
1752.0
1761.0
1763.0
1765.0
1770.0
1781.0
1783.0
1787.0
1800.0
1807.0
1813.0
1825.0
1828.0
1833.0
1840.0
1844.0
1847.0
1858.0
1859.0
1866.0
1868.0
1869.0
1874.0
1895.0
1900.0
1904.0
1908.0
1914.0
1916.0
1918.0
1919.0
1920.0
1924.0
1925.0
1927.0
1930.0
1932.0
1941.0
1942.0
1949.0
1952.0
1955.0
1957.0
1964.0
1977.0
1978.0
1999.0
2001.0
2005.0
2010.0
2015.0
2020.0
2030.0
2033.0
2042.0
2044.0
2057.0
2063.0
2074.0
2078.0
2079.0
2080.0
2082.0
2088.0
2095.0
2101.0
2109.0
2119.0
2121.0
2137.0
2144.0
2149.0
2153.0
2159.0
2162.0
2168.0
2169.0
2172.0
2173.0
2177.0
2181.0
2185.0
2187.0
2190.0
2208.0
2210.0
2214.0
2216.0
2226.0
2234.0
2236.0
2237.0
2243.0
2247.0
2253.0
2256.0
2257.0
2258.0
2264.0
2266.0
2267.0
2279.0
2281.0
2284.0
2286.0
2292.0
2293.0
2295.0
2304.0
2312.0
2315.0
2317.0
2330.0
2332.0
2341.0
2342.0
2343.0
2347.0
2352.0
2354.0
2357.0
2363.0
2365.0
2370.0
2376.0
2379.0
2388.0
2393.0
2395.0
2396.0
2407.0
2416.0
2417.0
2419.0
2420.0
2421.0
2436.0
2438.0
2450.0
2451.0
2456.0
2461.0
2469.0
2471.0
2474.0
2478.0
2485.0
2487.0
2489.0
2490.0
2499.0
2501.0
2503.0
2504.0
2505.0
2509.0
2517.0
2518.0
2523.0
2524.0
2527.0
2535.0
2536.0
2552.0
2554.0
2556.0
2558.0
2574.0
2581.0
2586.0
2588.0
2592.0
2593.0
2596.0
2603.0
2609.0
2614.0
2624.0
2627.0
2633.0
2635.0
2642.0
2643.0
2647.0
2656.0
2664.0
2665.0
2669.0
2677.0
2689.0
2693.0
2699.0
2701.0
2706.0
2708.0
2714.0
2715.0
2722.0
2725.0
2728.0
2732.0
2735.0
2736.0
2739.0
2741.0
2745.0
2749.0
2750.0
2751.0
2753.0
2759.0
2761.0
2763.0
2769.0
2773.0
2778.0
2784.0
2803.0
2814.0
2815.0
2822.0
2824.0
2826.0
2828.0
2831.0
2840.0
2845.0
2854.0
2857.0
2863.0
2864.0
2865.0
2867.0
2873.0
2879.0
2897.0
2899.0
2903.0
2904.0
2921.0
2925.0
2926.0
2932.0
2934.0
2936.0
2940.0
2942.0
2954.0
2959.0
2960.0
2966.0
2970.0
2972.0
2980.0
2989.0
2995.0
3001.0
3014.0
3020.0
3021.0
3035.0
3043.0
3044.0
3047.0
3048.0
3064.0
3067.0
3070.0
3082.0
3088.0
3090.0
3097.0
3098.0
3106.0
3118.0
3126.0
3128.0
3129.0
3133.0
3137.0
3147.0
3151.0
3154.0
3156.0
3159.0
3170.0
3171.0
3173.0
3175.0
3176.0
3177.0
3179.0
3180.0
3183.0
3191.0
3193.0
3194.0
3211.0
3216.0
3217.0
3222.0
3224.0
3230.0
3232.0
3235.0
3239.0
3254.0
3256.0
3258.0
3260.0
3264.0
3271.0
3272.0
3277.0
3284.0
3286.0
3291.0
3294.0
3296.0
3300.0
3307.0
3308.0
3315.0
3319.0
3320.0
3322.0
3326.0
3327.0
3332.0
3335.0
3337.0
3340.0
3341.0
3349.0
3355.0
3356.0
3360.0
3368.0
3373.0
3376.0
3382.0
3383.0
3385.0
3414.0
3424.0
3434.0
3440.0
3458.0
3463.0
3464.0
3466.0
3471.0
3473.0
3479.0
3481.0
3482.0
3491.0
3497.0
3498.0
3504.0
3516.0
3518.0
3521.0
3523.0
3532.0
3542.0
3543.0
3545.0
3547.0
3551.0
3554.0
3556.0
3561.0
3568.0
3574.0
3584.0
3592.0
3594.0
3605.0
3609.0
3617.0
3619.0
3626.0
3628.0
3632.0
3642.0
3643.0
3646.0
3649.0
3656.0
3660.0
3667.0
3670.0
3672.0
3678.0
3680.0
3686.0
3701.0
3709.0
3715.0
3720.0
3726.0
3730.0
3739.0
3748.0
3759.0
3763.0
3764.0
3776.0
3778.0
3779.0
3781.0
3786.0
3792.0
3799.0
3803.0
3821.0
3826.0
3827.0
3844.0
3851.0
3854.0
3859.0
3863.0
3870.0
3876.0
3878.0
3885.0
3886.0
3892.0
3905.0
3914.0
3925.0
3933.0
3936.0
3940.0
3941.0
3947.0
3958.0
3962.0
3963.0
3966.0
3973.0
3976.0
3982.0
3985.0
3988.0
3999.0
4002.0
4003.0
4005.0
4006.0
4015.0
4018.0
4021.0
4031.0
4032.0
4036.0
4039.0
4043.0
4054.0
4061.0
4066.0
4067.0
4070.0
4084.0
4091.0
4094.0
4095.0
4104.0
4105.0
4108.0
4109.0
4115.0
4122.0
4137.0
4141.0
4144.0
4148.0
4154.0
4155.0
4156.0
4157.0
4158.0
4162.0
4164.0
4170.0
4178.0
4181.0
4182.0
4184.0
4186.0
4190.0
4199.0
4210.0
4214.0
4215.0
4221.0
4228.0
4229.0
4230.0
4231.0
4234.0
4235.0
4239.0
4240.0
4247.0
4253.0
4255.0
4266.0
4267.0
4271.0
4274.0
4278.0
4279.0
4280.0
4283.0
4293.0
4295.0
4307.0
4311.0
4316.0
4320.0
4329.0
4332.0
4340.0
4358.0
4370.0
4379.0
4381.0
4386.0
4387.0
4394.0
4398.0
4403.0
4409.0
4418.0
4422.0
4438.0
4442.0
4444.0
4447.0
4450.0
4454.0
4457.0
4459.0
4462.0
4467.0
4475.0
4478.0
4479.0
4486.0
4489.0
4492.0
4496.0
4499.0
4507.0
4522.0
4526.0
4531.0
4532.0
4536.0
4538.0
4547.0
4549.0
4551.0
4555.0
4556.0
4562.0
4563.0
4564.0
4567.0
4570.0
4572.0
4574.0
4577.0
4579.0
4581.0
4585.0
4588.0
4591.0
4593.0
4594.0
4601.0
4603.0
4604.0
4605.0
4608.0
4622.0
4624.0
4628.0
4636.0
4638.0
4645.0
4657.0
4660.0
4663.0
4668.0
4670.0
4678.0
4686.0
4687.0
4696.0
4697.0
4700.0
4701.0
4707.0
4708.0
4717.0
4720.0
4722.0
4736.0
4740.0
4746.0
4753.0
4779.0
4785.0
4794.0
4800.0
4804.0
4806.0
4827.0
4832.0
4833.0
4842.0
4843.0
4854.0
4855.0
4858.0
4860.0
4861.0
4868.0
4871.0
4872.0
4873.0
4879.0
4884.0
4901.0
4904.0
4908.0
4909.0
4913.0
4914.0
4925.0
4933.0
4940.0
4943.0
4962.0
4967.0
4969.0
4970.0
4973.0
4977.0
4978.0
4980.0
4984.0
4985.0
4988.0
4989.0
4991.0
4995.0
4998.0
5001.0
5002.0
5008.0
5016.0
5021.0
5026.0
5030.0
5034.0
5040.0
5042.0
5058.0
5059.0
5066.0
5067.0
5069.0
5075.0
5098.0
5099.0
5111.0
5112.0
5116.0
5121.0
5124.0
5125.0
5128.0
5132.0
5141.0
5148.0
5153.0
5157.0
5161.0
5165.0
5166.0
5167.0
5174.0
5175.0
5182.0
5184.0
5198.0
5203.0
5209.0
5212.0
5214.0
5215.0
5227.0
5235.0
5239.0
5240.0
5247.0
5250.0
5256.0
5261.0
5276.0
5281.0
5284.0
5290.0
5291.0
5304.0
5305.0
5315.0
5316.0
5318.0
5329.0
5333.0
5337.0
5339.0
5340.0
5347.0
5350.0
5354.0
5356.0
5357.0
5362.0
5364.0
5365.0
5372.0
5378.0
5390.0
5397.0
5402.0
5406.0
5418.0
5425.0
5429.0
5433.0
5434.0
5441.0
5442.0
5450.0
5451.0
5455.0
5459.0
5465.0
5467.0
5468.0
5469.0
5476.0
5480.0
5496.0
5498.0
5499.0
5509.0
5511.0
5520.0
5525.0
5526.0
5528.0
5530.0
5534.0
5544.0
5547.0
5550.0
5551.0
5578.0
5580.0
5583.0
5584.0
5586.0
5589.0
5594.0
5596.0
5600.0
5601.0
5608.0
5612.0
5623.0
5640.0
5644.0
5646.0
5650.0
5667.0
5674.0
5675.0
5683.0
5686.0
5687.0
5690.0
5692.0
5696.0
5698.0
5702.0
5710.0
5715.0
5717.0
5726.0
5739.0
5742.0
5743.0
5745.0
5748.0
5750.0
5759.0
5767.0
5768.0
5769.0
5770.0
5773.0
5774.0
5775.0
5788.0
5795.0
5798.0
5801.0
5804.0
5806.0
5815.0
5821.0
5829.0
5831.0
5850.0
5858.0
5859.0
5862.0
5866.0
5867.0
5880.0
5882.0
5888.0
5909.0
5916.0
5927.0
5931.0
5937.0
5941.0
5943.0
5951.0
5956.0
5962.0
5966.0
5974.0
5977.0
5981.0
5985.0
6007.0
6009.0
6017.0
6021.0
6026.0
6028.0
6032.0
6038.0
6043.0
6045.0
6046.0
6047.0
6051.0
6052.0
6058.0
6059.0
6060.0
6065.0
6067.0
6074.0
6080.0
6088.0
6090.0
6091.0
6092.0
6106.0
6112.0
6115.0
6123.0
6125.0
6130.0
6132.0
6135.0
6143.0
6144.0
6145.0
6150.0
6159.0
6172.0
6179.0
6184.0
6188.0
6202.0
6208.0
6209.0
6212.0
6216.0
6223.0
6224.0
6241.0
6243.0
6262.0
6266.0
6276.0
6286.0
6289.0
6301.0
6302.0
6309.0
6321.0
6323.0
6325.0
6326.0
6338.0
6341.0
6347.0
6354.0
6355.0
6357.0
6365.0
6368.0
6370.0
6378.0
6387.0
6389.0
6390.0
6391.0
6400.0
6401.0
6416.0
6420.0
6422.0
6423.0
6425.0
6430.0
6431.0
6433.0
6434.0
6436.0
6439.0
6451.0
6456.0
6462.0
6463.0
6464.0
6479.0
6481.0
6489.0
6495.0
6499.0
6512.0
6517.0
6520.0
6526.0
6527.0
6534.0
6535.0
6548.0
6551.0
6554.0
6559.0
6562.0
6566.0
6569.0
6572.0
6573.0
6577.0
6595.0
6604.0
6605.0
6607.0
6609.0
6616.0
6617.0
6627.0
6630.0
6633.0
6635.0
6646.0
6648.0
6649.0
6655.0
6656.0
6658.0
6661.0
6664.0
6681.0
6683.0
6684.0
6686.0
6688.0
6691.0
6695.0
6702.0
6705.0
6708.0
6716.0
6731.0
6733.0
6736.0
6737.0
6742.0
6747.0
6758.0
6762.0
6764.0
6771.0
6772.0
6775.0
6777.0
6779.0
6782.0
6783.0
6784.0
6786.0
6797.0
6798.0
6805.0
6808.0
6813.0
6819.0
6821.0
6832.0
6834.0
6839.0
6841.0
6852.0
6865.0
6870.0
6877.0
6882.0
6886.0
6888.0
6894.0
6897.0
6898.0
6904.0
6932.0
6935.0
6953.0
6956.0
6957.0
6958.0
6966.0
6972.0
6979.0
6982.0
6985.0
6993.0
6997.0
6998.0
7011.0
7012.0
7015.0
7022.0
7029.0
7032.0
7033.0
7036.0
7038.0
7045.0
7046.0
7047.0
7049.0
7057.0
7063.0
7069.0
7070.0
7072.0
7076.0
7083.0
7084.0
7093.0
7095.0
7109.0
7112.0
7119.0
7130.0
7157.0
7165.0
7172.0
7174.0
7179.0
7182.0
7187.0
7193.0
7195.0
7198.0
7200.0
7201.0
7202.0
7205.0
7206.0
7207.0
7217.0
7219.0
7222.0
7230.0
7241.0
7245.0
7248.0
7258.0
7265.0
7268.0
7273.0
7280.0
7284.0
7289.0
7290.0
7300.0
7301.0
7302.0
7306.0
7315.0
7320.0
7323.0
7324.0
7331.0
7338.0
7341.0
7347.0
7350.0
7352.0
7357.0
7360.0
7362.0
7363.0
7371.0
7373.0
7393.0
7400.0
7409.0
7421.0
7425.0
7429.0
7443.0
7449.0
7450.0
7452.0
7453.0
7456.0
7457.0
7463.0
7465.0
7472.0
7473.0
7477.0
7478.0
7513.0
7516.0
7520.0
7528.0
7529.0
7535.0
7546.0
7548.0
7552.0
7555.0
7560.0
7564.0
7565.0
7568.0
7576.0
7577.0
7578.0
7591.0
7607.0
7617.0
7621.0
7623.0
7624.0
7633.0
7641.0
7644.0
7650.0
7656.0
7659.0
7663.0
7676.0
7681.0
7685.0
7693.0
7695.0
7696.0
7699.0
7701.0
7710.0
7712.0
7737.0
7767.0
7776.0
7780.0
7781.0
7784.0
7787.0
7790.0
7791.0
7792.0
7796.0
7797.0
7826.0
7831.0
7835.0
7836.0
7840.0
7844.0
7845.0
7846.0
7848.0
7850.0
7852.0
7861.0
7867.0
7870.0
7873.0
7880.0
7882.0
7883.0
7884.0
7890.0
7898.0
7908.0
7918.0
7923.0
7925.0
7926.0
7937.0
7947.0
7949.0
7951.0
7953.0
7955.0
7956.0
7958.0
7962.0
7975.0
7978.0
7986.0
7987.0
7990.0
7995.0
