3.0
4.0
11.0
20.0
25.0
33.0
45.0
48.0
52.0
55.0
60.0
63.0
69.0
70.0
73.0
74.0
77.0
87.0
104.0
109.0
111.0
115.0
116.0
117.0
120.0
124.0
128.0
130.0
161.0
164.0
165.0
168.0
169.0
170.0
171.0
173.0
174.0
175.0
177.0
195.0
198.0
202.0
205.0
208.0
216.0
222.0
226.0
237.0
240.0
247.0
267.0
268.0
279.0
297.0
300.0
305.0
306.0
307.0
317.0
325.0
329.0
339.0
347.0
348.0
351.0
354.0
361.0
366.0
371.0
376.0
385.0
388.0
392.0
408.0
418.0
422.0
433.0
443.0
448.0
449.0
464.0
469.0
480.0
493.0
494.0
500.0
509.0
515.0
520.0
527.0
531.0
548.0
562.0
570.0
571.0
572.0
585.0
586.0
590.0
594.0
598.0
621.0
623.0
625.0
626.0
631.0
632.0
634.0
653.0
662.0
672.0
674.0
682.0
683.0
684.0
689.0
696.0
708.0
716.0
726.0
728.0
733.0
743.0
754.0
755.0
760.0
765.0
766.0
769.0
773.0
778.0
785.0
789.0
791.0
802.0
805.0
807.0
810.0
815.0
819.0
827.0
838.0
839.0
844.0
849.0
852.0
853.0
857.0
871.0
872.0
873.0
880.0
882.0
886.0
891.0
893.0
909.0
924.0
925.0
928.0
930.0
935.0
938.0
940.0
942.0
945.0
954.0
955.0
957.0
963.0
964.0
966.0
968.0
969.0
972.0
979.0
991.0
992.0
996.0
1003.0
1007.0
1009.0
1011.0
1016.0
1017.0
1018.0
1024.0
1029.0
1034.0
1044.0
1048.0
1050.0
1053.0
1055.0
1057.0
1067.0
1075.0
1079.0
1080.0
1103.0
1109.0
1112.0
1114.0
1116.0
1122.0
1124.0
1126.0
1129.0
1143.0
1145.0
1146.0
1147.0
1148.0
1150.0
1174.0
1178.0
1180.0
1181.0
1185.0
1186.0
1195.0
1197.0
1202.0
1226.0
1241.0
1243.0
1246.0
1249.0
1251.0
1252.0
1256.0
1263.0
1264.0
1268.0
1294.0
1306.0
1308.0
1313.0
1319.0
1321.0
1322.0
1332.0
1333.0
1337.0
1358.0
1366.0
1371.0
1399.0
1402.0
1403.0
1411.0
1412.0
1413.0
1414.0
1416.0
1419.0
1422.0
1424.0
1427.0
1438.0
1440.0
1442.0
1462.0
1464.0
1474.0
1484.0
1488.0
1489.0
1492.0
1500.0
1506.0
1510.0
1517.0
1519.0
1522.0
1525.0
1530.0
1550.0
1551.0
1558.0
1562.0
1564.0
1577.0
1586.0
1593.0
1596.0
1603.0
1604.0
1606.0
1608.0
1615.0
1618.0
1622.0
1627.0
1628.0
1631.0
1636.0
1637.0
1639.0
1652.0
1655.0
1663.0
1668.0
1686.0
1691.0
1693.0
1696.0
1699.0
1704.0
1713.0
1720.0
1728.0
1740.0
1746.0
1759.0
1760.0
1766.0
1771.0
1773.0
1785.0
1786.0
1790.0
1820.0
1821.0
1827.0
1829.0
1834.0
1841.0
1855.0
1856.0
1857.0
1861.0
1863.0
1864.0
1870.0
1873.0
1884.0
1886.0
1887.0
1888.0
1891.0
1893.0
1906.0
1907.0
1917.0
1929.0
1931.0
1937.0
1938.0
1945.0
1951.0
1956.0
1961.0
1962.0
1969.0
1971.0
1973.0
1974.0
1975.0
1993.0
1994.0
1995.0
1996.0
2004.0
2006.0
2009.0
2014.0
2016.0
2024.0
2031.0
2037.0
2040.0
2068.0
2073.0
2083.0
2084.0
2092.0
2094.0
2099.0
2105.0
2111.0
2114.0
2116.0
2128.0
2138.0
2139.0
2140.0
2142.0
2146.0
2150.0
2156.0
2160.0
2163.0
2167.0
2179.0
2183.0
2184.0
2186.0
2192.0
2193.0
2194.0
2198.0
2203.0
2213.0
2224.0
2229.0
2231.0
2233.0
2238.0
2241.0
2249.0
2250.0
2270.0
2274.0
2276.0
2277.0
2278.0
2280.0
2287.0
2303.0
2316.0
2323.0
2327.0
2331.0
2335.0
2338.0
2339.0
2345.0
2351.0
2360.0
2361.0
2364.0
2378.0
2386.0
2387.0
2392.0
2394.0
2408.0
2410.0
2427.0
2430.0
2432.0
2443.0
2447.0
2452.0
2457.0
2462.0
2470.0
2473.0
2475.0
2476.0
2484.0
2491.0
2494.0
2498.0
2500.0
2515.0
2525.0
2528.0
2531.0
2532.0
2534.0
2541.0
2546.0
2548.0
2550.0
2555.0
2566.0
2567.0
2571.0
2572.0
2573.0
2579.0
2583.0
2584.0
2585.0
2597.0
2601.0
2604.0
2605.0
2607.0
2610.0
2615.0
2616.0
2617.0
2623.0
2626.0
2628.0
2638.0
2644.0
2645.0
2648.0
2662.0
2663.0
2666.0
2674.0
2676.0
2678.0
2683.0
2685.0
2687.0
2694.0
2698.0
2703.0
2716.0
2717.0
2719.0
2720.0
2721.0
2724.0
2726.0
2730.0
2743.0
2744.0
2748.0
2757.0
2762.0
2772.0
2776.0
2783.0
2800.0
2802.0
2805.0
2816.0
2817.0
2827.0
2830.0
2838.0
2846.0
2848.0
2859.0
2861.0
2872.0
2880.0
2883.0
2887.0
2888.0
2890.0
2893.0
2900.0
2907.0
2909.0
2915.0
2917.0
2924.0
2927.0
2950.0
2951.0
2956.0
2962.0
2977.0
2981.0
2987.0
2991.0
2999.0
3008.0
3010.0
3029.0
3030.0
3037.0
3039.0
3045.0
3046.0
3049.0
3051.0
3052.0
3060.0
3075.0
3080.0
3089.0
3099.0
3117.0
3124.0
3134.0
3144.0
3145.0
3148.0
3153.0
3157.0
3172.0
3184.0
3205.0
3208.0
3210.0
3225.0
3226.0
3228.0
3229.0
3234.0
3238.0
3242.0
3250.0
3253.0
3255.0
3266.0
3270.0
3275.0
3281.0
3289.0
3290.0
3301.0
3303.0
3324.0
3328.0
3331.0
3333.0
3345.0
3350.0
3372.0
3374.0
3378.0
3379.0
3384.0
3386.0
3388.0
3398.0
3413.0
3417.0
3419.0
3421.0
3425.0
3433.0
3439.0
3442.0
3461.0
3474.0
3475.0
3477.0
3484.0
3492.0
3494.0
3502.0
3514.0
3526.0
3531.0
3536.0
3537.0
3538.0
3541.0
3544.0
3549.0
3557.0
3564.0
3565.0
3579.0
3581.0
3591.0
3595.0
3596.0
3601.0
3615.0
3625.0
3631.0
3634.0
3635.0
3647.0
3648.0
3655.0
3661.0
3668.0
3671.0
3676.0
3681.0
3688.0
3691.0
3692.0
3694.0
3697.0
3710.0
3717.0
3728.0
3731.0
3733.0
3736.0
3737.0
3742.0
3752.0
3754.0
3755.0
3756.0
3765.0
3768.0
3782.0
3788.0
3797.0
3801.0
3807.0
3815.0
3825.0
3832.0
3837.0
3840.0
3860.0
3867.0
3871.0
3875.0
3888.0
3898.0
3900.0
3908.0
3909.0
3911.0
3912.0
3917.0
3918.0
3919.0
3920.0
3921.0
3931.0
3932.0
3937.0
3939.0
3942.0
3944.0
3945.0
3948.0
3954.0
3957.0
3964.0
3969.0
3971.0
3978.0
3986.0
3995.0
4000.0
4014.0
4020.0
4028.0
4040.0
4041.0
4045.0
4047.0
4053.0
4056.0
4060.0
4062.0
4064.0
4071.0
4074.0
4088.0
4106.0
4113.0
4120.0
4125.0
4152.0
4185.0
4188.0
4189.0
4198.0
4200.0
4201.0
4202.0
4206.0
4212.0
4217.0
4219.0
4224.0
4241.0
4243.0
4248.0
4254.0
4259.0
4260.0
4262.0
4277.0
4282.0
4287.0
4288.0
4294.0
4305.0
4306.0
4324.0
4326.0
4328.0
4341.0
4351.0
4352.0
4356.0
4362.0
4364.0
4368.0
4371.0
4384.0
4385.0
4390.0
4399.0
4401.0
4406.0
4423.0
4424.0
4427.0
4435.0
4436.0
4437.0
4439.0
4440.0
4446.0
4481.0
4491.0
4506.0
4510.0
4519.0
4523.0
4534.0
4545.0
4548.0
4550.0
4553.0
4558.0
4559.0
4580.0
4586.0
4617.0
4619.0
4625.0
4629.0
4631.0
4639.0
4658.0
4662.0
4666.0
4682.0
4690.0
4706.0
4719.0
4723.0
4726.0
4729.0
4733.0
4738.0
4739.0
4749.0
4754.0
4758.0
4762.0
4767.0
4772.0
4777.0
4792.0
4793.0
4797.0
4802.0
4807.0
4810.0
4814.0
4815.0
4818.0
4826.0
4830.0
4841.0
4845.0
4852.0
4865.0
4866.0
4874.0
4877.0
4880.0
4882.0
4885.0
4889.0
4892.0
4893.0
4896.0
4905.0
4911.0
4922.0
4923.0
4931.0
4938.0
4939.0
4944.0
4949.0
4952.0
4974.0
4982.0
4996.0
5004.0
5009.0
5010.0
5015.0
5019.0
5038.0
5041.0
5045.0
5046.0
5072.0
5076.0
5078.0
5081.0
5082.0
5085.0
5089.0
5092.0
5094.0
5097.0
5102.0
5106.0
5110.0
5115.0
5130.0
5134.0
5159.0
5160.0
5164.0
5171.0
5172.0
5177.0
5179.0
5180.0
5181.0
5185.0
5188.0
5189.0
5191.0
5195.0
5200.0
5206.0
5217.0
5221.0
5222.0
5231.0
5234.0
5238.0
5241.0
5243.0
5253.0
5263.0
5264.0
5273.0
5277.0
5279.0
5283.0
5292.0
5296.0
5299.0
5302.0
5303.0
5307.0
5308.0
5319.0
5324.0
5331.0
5346.0
5349.0
5353.0
5355.0
5366.0
5377.0
5379.0
5383.0
5388.0
5392.0
5399.0
5401.0
5404.0
5409.0
5416.0
5424.0
5427.0
5428.0
5439.0
5448.0
5449.0
5452.0
5453.0
5471.0
5472.0
5473.0
5478.0
5486.0
5488.0
5490.0
5494.0
5500.0
5508.0
5515.0
5516.0
5518.0
5519.0
5531.0
5532.0
5536.0
5538.0
5542.0
5557.0
5558.0
5559.0
5560.0
5566.0
5567.0
5579.0
5581.0
5582.0
5585.0
5591.0
5592.0
5595.0
5602.0
5615.0
5618.0
5619.0
5620.0
5629.0
5630.0
5636.0
5643.0
5648.0
5652.0
5658.0
5659.0
5661.0
5664.0
5665.0
5669.0
5679.0
5680.0
5681.0
5684.0
5688.0
5693.0
5712.0
5716.0
5728.0
5729.0
5730.0
5731.0
5736.0
5744.0
5747.0
5749.0
5751.0
5761.0
5764.0
5766.0
5777.0
5778.0
5784.0
5789.0
5796.0
5800.0
5809.0
5819.0
5824.0
5826.0
5835.0
5837.0
5838.0
5839.0
5844.0
5855.0
5856.0
5860.0
5871.0
5872.0
5874.0
5884.0
5885.0
5887.0
5895.0
5896.0
5902.0
5905.0
5908.0
5923.0
5934.0
5935.0
5947.0
5960.0
5961.0
5965.0
5969.0
5970.0
5993.0
5997.0
6000.0
6002.0
6005.0
6006.0
6018.0
6019.0
6022.0
6023.0
6030.0
6033.0
6035.0
6036.0
6061.0
6073.0
6079.0
6081.0
6086.0
6089.0
6093.0
6109.0
6113.0
6126.0
6128.0
6138.0
6140.0
6152.0
6157.0
6163.0
6169.0
6170.0
6176.0
6177.0
6185.0
6186.0
6189.0
6190.0
6191.0
6198.0
6201.0
6203.0
6205.0
6215.0
6217.0
6221.0
6231.0
6236.0
6242.0
6245.0
6250.0
6252.0
6261.0
6263.0
6272.0
6277.0
6278.0
6283.0
6293.0
6294.0
6295.0
6298.0
6299.0
6300.0
6303.0
6304.0
6310.0
6312.0
6315.0
6324.0
6332.0
6333.0
6336.0
6344.0
6351.0
6364.0
6366.0
6369.0
6372.0
6386.0
6397.0
6399.0
6402.0
6403.0
6405.0
6414.0
6419.0
6427.0
6432.0
6435.0
6448.0
6449.0
6459.0
6465.0
6467.0
6471.0
6482.0
6485.0
6492.0
6497.0
6500.0
6508.0
6519.0
6522.0
6525.0
6537.0
6539.0
6545.0
6550.0
6560.0
6563.0
6568.0
6574.0
6584.0
6587.0
6588.0
6592.0
6593.0
6596.0
6599.0
6606.0
6611.0
6612.0
6613.0
6614.0
6615.0
6631.0
6638.0
6641.0
6644.0
6659.0
6668.0
6669.0
6671.0
6674.0
6675.0
6687.0
6689.0
6710.0
6712.0
6719.0
6721.0
6734.0
6738.0
6739.0
6743.0
6759.0
6768.0
6769.0
6774.0
6776.0
6788.0
6790.0
6803.0
6804.0
6807.0
6822.0
6824.0
6836.0
6843.0
6844.0
6855.0
6857.0
6859.0
6868.0
6875.0
6890.0
6901.0
6902.0
6903.0
6919.0
6921.0
6923.0
6924.0
6925.0
6929.0
6938.0
6940.0
6942.0
6949.0
6950.0
6954.0
6959.0
6970.0
6971.0
6980.0
6989.0
6992.0
6994.0
7002.0
7003.0
7005.0
7008.0
7013.0
7017.0
7019.0
7020.0
7027.0
7048.0
7054.0
7068.0
7071.0
7077.0
7079.0
7091.0
7096.0
7102.0
7104.0
7106.0
7108.0
7114.0
7123.0
7132.0
7133.0
7143.0
7151.0
7153.0
7163.0
7167.0
7171.0
7176.0
7177.0
7180.0
7181.0
7199.0
7203.0
7212.0
7223.0
7224.0
7225.0
7227.0
7239.0
7240.0
7242.0
7254.0
7255.0
7256.0
7260.0
7262.0
7263.0
7271.0
7272.0
7276.0
7299.0
7307.0
7312.0
7313.0
7325.0
7329.0
7335.0
7342.0
7345.0
7355.0
7364.0
7370.0
7372.0
7384.0
7390.0
7395.0
7398.0
7399.0
7401.0
7406.0
7410.0
7411.0
7412.0
7415.0
7416.0
7423.0
7428.0
7431.0
7438.0
7439.0
7440.0
7441.0
7445.0
7448.0
7459.0
7466.0
7475.0
7484.0
7490.0
7499.0
7503.0
7504.0
7506.0
7514.0
7515.0
7517.0
7518.0
7534.0
7536.0
7539.0
7541.0
7553.0
7556.0
7558.0
7561.0
7567.0
7569.0
7583.0
7596.0
7597.0
7598.0
7599.0
7600.0
7603.0
7608.0
7615.0
7620.0
7626.0
7629.0
7642.0
7647.0
7649.0
7651.0
7660.0
7669.0
7675.0
7679.0
7680.0
7682.0
7687.0
7689.0
7690.0
7691.0
7692.0
7698.0
7705.0
7718.0
7719.0
7722.0
7724.0
7726.0
7728.0
7732.0
7739.0
7741.0
7744.0
7746.0
7753.0
7757.0
7758.0
7765.0
7788.0
7808.0
7820.0
7821.0
7822.0
7824.0
7825.0
7837.0
7838.0
7842.0
7853.0
7856.0
7862.0
7865.0
7868.0
7875.0
7877.0
7878.0
7892.0
7894.0
7897.0
7902.0
7904.0
7905.0
7910.0
7919.0
7930.0
7932.0
7936.0
7940.0
7941.0
7943.0
7952.0
7961.0
7963.0
7964.0
7967.0
7969.0
7971.0
7976.0
7988.0
7993.0
