6.0
7.0
16.0
21.0
23.0
24.0
28.0
31.0
41.0
42.0
65.0
79.0
85.0
86.0
101.0
103.0
105.0
106.0
121.0
131.0
134.0
136.0
139.0
140.0
151.0
182.0
210.0
212.0
228.0
234.0
249.0
250.0
254.0
259.0
260.0
261.0
262.0
265.0
271.0
278.0
282.0
298.0
299.0
313.0
319.0
330.0
337.0
340.0
341.0
344.0
356.0
382.0
406.0
414.0
419.0
430.0
440.0
441.0
452.0
456.0
460.0
497.0
498.0
502.0
504.0
505.0
508.0
521.0
540.0
545.0
561.0
564.0
568.0
575.0
580.0
582.0
583.0
596.0
599.0
600.0
601.0
607.0
608.0
614.0
615.0
629.0
630.0
637.0
643.0
644.0
654.0
676.0
677.0
679.0
686.0
690.0
691.0
697.0
710.0
711.0
717.0
718.0
721.0
731.0
738.0
739.0
740.0
750.0
756.0
772.0
779.0
780.0
790.0
792.0
809.0
812.0
814.0
829.0
845.0
850.0
874.0
889.0
890.0
899.0
915.0
919.0
926.0
929.0
931.0
934.0
941.0
947.0
952.0
962.0
965.0
976.0
986.0
998.0
999.0
1005.0
1014.0
1015.0
1021.0
1023.0
1046.0
1049.0
1051.0
1060.0
1064.0
1068.0
1076.0
1082.0
1088.0
1090.0
1099.0
1105.0
1107.0
1110.0
1117.0
1123.0
1125.0
1131.0
1136.0
1144.0
1156.0
1164.0
1170.0
1172.0
1173.0
1176.0
1188.0
1201.0
1210.0
1211.0
1213.0
1219.0
1232.0
1233.0
1234.0
1237.0
1245.0
1250.0
1254.0
1255.0
1258.0
1271.0
1276.0
1281.0
1292.0
1299.0
1317.0
1339.0
1340.0
1341.0
1343.0
1349.0
1355.0
1367.0
1375.0
1387.0
1389.0
1391.0
1395.0
1401.0
1405.0
1406.0
1418.0
1429.0
1434.0
1446.0
1452.0
1461.0
1465.0
1468.0
1472.0
1476.0
1493.0
1495.0
1501.0
1523.0
1528.0
1531.0
1533.0
1543.0
1544.0
1546.0
1555.0
1557.0
1566.0
1585.0
1590.0
1607.0
1614.0
1624.0
1633.0
1634.0
1635.0
1653.0
1656.0
1660.0
1677.0
1678.0
1681.0
1689.0
1695.0
1707.0
1714.0
1715.0
1719.0
1727.0
1733.0
1743.0
1756.0
1772.0
1774.0
1779.0
1784.0
1789.0
1791.0
1793.0
1804.0
1805.0
1810.0
1814.0
1817.0
1824.0
1832.0
1850.0
1851.0
1854.0
1865.0
1867.0
1875.0
1882.0
1896.0
1899.0
1912.0
1923.0
1943.0
1948.0
1950.0
1966.0
1972.0
1981.0
1983.0
1986.0
2000.0
2012.0
2017.0
2026.0
2034.0
2039.0
2043.0
2055.0
2072.0
2075.0
2077.0
2085.0
2103.0
2104.0
2106.0
2115.0
2117.0
2120.0
2124.0
2127.0
2135.0
2136.0
2147.0
2152.0
2158.0
2165.0
2166.0
2174.0
2180.0
2196.0
2197.0
2200.0
2205.0
2217.0
2220.0
2235.0
2239.0
2248.0
2260.0
2263.0
2268.0
2269.0
2272.0
2275.0
2285.0
2298.0
2299.0
2307.0
2310.0
2319.0
2322.0
2325.0
2333.0
2337.0
2348.0
2349.0
2362.0
2367.0
2385.0
2397.0
2399.0
2406.0
2422.0
2434.0
2435.0
2446.0
2463.0
2468.0
2483.0
2493.0
2511.0
2512.0
2514.0
2547.0
2557.0
2565.0
2577.0
2590.0
2608.0
2621.0
2630.0
2631.0
2632.0
2636.0
2639.0
2649.0
2655.0
2658.0
2668.0
2670.0
2671.0
2679.0
2680.0
2681.0
2684.0
2697.0
2705.0
2709.0
2712.0
2723.0
2740.0
2760.0
2765.0
2766.0
2771.0
2782.0
2786.0
2788.0
2795.0
2796.0
2798.0
2812.0
2819.0
2823.0
2829.0
2832.0
2836.0
2839.0
2841.0
2847.0
2849.0
2852.0
2868.0
2881.0
2891.0
2918.0
2922.0
2928.0
2931.0
2933.0
2943.0
2944.0
2945.0
2946.0
2973.0
2976.0
2978.0
2979.0
2988.0
2993.0
2997.0
3003.0
3004.0
3007.0
3012.0
3013.0
3018.0
3019.0
3026.0
3027.0
3036.0
3057.0
3077.0
3083.0
3085.0
3087.0
3095.0
3109.0
3114.0
3120.0
3125.0
3127.0
3132.0
3140.0
3149.0
3150.0
3161.0
3192.0
3195.0
3200.0
3201.0
3207.0
3219.0
3220.0
3221.0
3223.0
3227.0
3237.0
3244.0
3246.0
3247.0
3261.0
3273.0
3274.0
3279.0
3287.0
3302.0
3304.0
3306.0
3312.0
3314.0
3316.0
3318.0
3321.0
3329.0
3334.0
3338.0
3344.0
3351.0
3354.0
3359.0
3387.0
3397.0
3399.0
3403.0
3411.0
3418.0
3427.0
3428.0
3431.0
3435.0
3444.0
3448.0
3451.0
3452.0
3457.0
3462.0
3469.0
3478.0
3495.0
3496.0
3524.0
3527.0
3552.0
3553.0
3562.0
3571.0
3572.0
3573.0
3587.0
3589.0
3599.0
3603.0
3612.0
3614.0
3616.0
3620.0
3630.0
3636.0
3638.0
3645.0
3669.0
3679.0
3689.0
3705.0
3708.0
3711.0
3713.0
3714.0
3724.0
3727.0
3732.0
3734.0
3741.0
3744.0
3749.0
3760.0
3772.0
3775.0
3790.0
3809.0
3812.0
3813.0
3829.0
3833.0
3835.0
3838.0
3843.0
3850.0
3855.0
3893.0
3907.0
3923.0
3934.0
3952.0
3955.0
3965.0
3980.0
3984.0
3987.0
4004.0
4022.0
4023.0
4026.0
4027.0
4038.0
4048.0
4050.0
4069.0
4078.0
4079.0
4081.0
4087.0
4092.0
4093.0
4100.0
4103.0
4110.0
4111.0
4124.0
4126.0
4147.0
4151.0
4153.0
4169.0
4172.0
4176.0
4204.0
4205.0
4209.0
4216.0
4227.0
4257.0
4263.0
4264.0
4284.0
4285.0
4290.0
4291.0
4301.0
4303.0
4309.0
4314.0
4319.0
4321.0
4325.0
4330.0
4336.0
4337.0
4355.0
4360.0
4363.0
4372.0
4376.0
4380.0
4391.0
4396.0
4400.0
4402.0
4404.0
4408.0
4412.0
4420.0
4421.0
4426.0
4432.0
4441.0
4448.0
4449.0
4456.0
4458.0
4464.0
4466.0
4470.0
4473.0
4502.0
4503.0
4504.0
4512.0
4516.0
4525.0
4529.0
4539.0
4541.0
4543.0
4568.0
4582.0
4589.0
4598.0
4614.0
4615.0
4621.0
4647.0
4650.0
4652.0
4659.0
4664.0
4669.0
4673.0
4677.0
4679.0
4685.0
4692.0
4693.0
4695.0
4698.0
4724.0
4728.0
4732.0
4735.0
4737.0
4747.0
4748.0
4757.0
4763.0
4764.0
4765.0
4769.0
4784.0
4788.0
4790.0
4799.0
4808.0
4811.0
4824.0
4828.0
4835.0
4836.0
4840.0
4856.0
4862.0
4883.0
4888.0
4891.0
4898.0
4912.0
4915.0
4917.0
4924.0
4927.0
4934.0
4945.0
4955.0
4956.0
4963.0
4965.0
4983.0
5017.0
5020.0
5024.0
5029.0
5033.0
5035.0
5037.0
5039.0
5048.0
5070.0
5077.0
5086.0
5090.0
5100.0
5119.0
5131.0
5138.0
5142.0
5149.0
5150.0
5173.0
5178.0
5183.0
5190.0
5194.0
5204.0
5246.0
5249.0
5257.0
5265.0
5274.0
5282.0
5286.0
5287.0
5293.0
5297.0
5300.0
5310.0
5312.0
5314.0
5323.0
5325.0
5326.0
5342.0
5344.0
5348.0
5351.0
5367.0
5374.0
5393.0
5395.0
5396.0
5398.0
5414.0
5423.0
5440.0
5443.0
5457.0
5466.0
5470.0
5474.0
5475.0
5482.0
5503.0
5514.0
5524.0
5529.0
5537.0
5543.0
5552.0
5555.0
5563.0
5569.0
5572.0
5577.0
5607.0
5610.0
5642.0
5651.0
5654.0
5662.0
5668.0
5677.0
5691.0
5695.0
5700.0
5701.0
5713.0
5720.0
5722.0
5727.0
5756.0
5762.0
5763.0
5771.0
5776.0
5786.0
5794.0
5797.0
5808.0
5816.0
5828.0
5847.0
5854.0
5863.0
5869.0
5876.0
5877.0
5892.0
5904.0
5906.0
5907.0
5924.0
5929.0
5940.0
5945.0
5955.0
5963.0
5975.0
5982.0
5984.0
5988.0
5996.0
5999.0
6011.0
6015.0
6020.0
6024.0
6025.0
6039.0
6042.0
6071.0
6096.0
6110.0
6118.0
6121.0
6131.0
6133.0
6153.0
6161.0
6164.0
6166.0
6167.0
6168.0
6174.0
6178.0
6181.0
6187.0
6218.0
6219.0
6225.0
6226.0
6247.0
6257.0
6258.0
6269.0
6271.0
6274.0
6296.0
6297.0
6306.0
6328.0
6339.0
6342.0
6353.0
6359.0
6360.0
6362.0
6367.0
6377.0
6384.0
6388.0
6404.0
6408.0
6412.0
6417.0
6426.0
6446.0
6453.0
6469.0
6472.0
6476.0
6486.0
6488.0
6493.0
6501.0
6504.0
6511.0
6524.0
6531.0
6533.0
6544.0
6564.0
6581.0
6582.0
6594.0
6598.0
6602.0
6608.0
6624.0
6634.0
6650.0
6651.0
6657.0
6666.0
6673.0
6696.0
6701.0
6703.0
6709.0
6711.0
6714.0
6725.0
6727.0
6729.0
6735.0
6741.0
6744.0
6748.0
6753.0
6760.0
6763.0
6770.0
6780.0
6785.0
6795.0
6802.0
6811.0
6816.0
6829.0
6833.0
6838.0
6846.0
6847.0
6848.0
6858.0
6867.0
6872.0
6873.0
6883.0
6885.0
6895.0
6900.0
6908.0
6911.0
6912.0
6928.0
6936.0
6945.0
6960.0
6962.0
6974.0
6978.0
6981.0
6987.0
6995.0
6996.0
7021.0
7026.0
7034.0
7040.0
7043.0
7056.0
7061.0
7062.0
7064.0
7066.0
7082.0
7085.0
7092.0
7094.0
7098.0
7099.0
7105.0
7111.0
7113.0
7116.0
7145.0
7148.0
7162.0
7166.0
7168.0
7173.0
7188.0
7194.0
7197.0
7210.0
7211.0
7231.0
7233.0
7252.0
7253.0
7267.0
7269.0
7278.0
7283.0
7286.0
7292.0
7295.0
7296.0
7304.0
7305.0
7310.0
7311.0
7322.0
7327.0
7328.0
7330.0
7337.0
7340.0
7343.0
7359.0
7365.0
7369.0
7374.0
7375.0
7382.0
7385.0
7386.0
7392.0
7414.0
7417.0
7420.0
7426.0
7427.0
7435.0
7436.0
7437.0
7446.0
7454.0
7458.0
7460.0
7468.0
7487.0
7491.0
7492.0
7496.0
7497.0
7505.0
7508.0
7511.0
7512.0
7526.0
7527.0
7543.0
7549.0
7554.0
7563.0
7570.0
7580.0
7582.0
7584.0
7585.0
7586.0
7595.0
7601.0
7609.0
7610.0
7611.0
7614.0
7627.0
7628.0
7632.0
7635.0
7654.0
7655.0
7657.0
7664.0
7665.0
7667.0
7668.0
7683.0
7684.0
7686.0
7694.0
7704.0
7709.0
7715.0
7723.0
7727.0
7731.0
7735.0
7745.0
7747.0
7752.0
7756.0
7761.0
7766.0
7770.0
7804.0
7809.0
7811.0
7823.0
7828.0
7841.0
7858.0
7885.0
7886.0
7888.0
7900.0
7906.0
7916.0
7927.0
7931.0
7933.0
7959.0
7974.0
7980.0
7985.0
7992.0
7999.0
