1.0
2.0
15.0
17.0
22.0
30.0
47.0
51.0
53.0
54.0
64.0
68.0
75.0
83.0
88.0
93.0
97.0
99.0
102.0
112.0
127.0
142.0
144.0
147.0
148.0
149.0
150.0
154.0
155.0
157.0
163.0
172.0
185.0
188.0
190.0
191.0
192.0
193.0
204.0
206.0
224.0
230.0
232.0
235.0
242.0
244.0
256.0
257.0
283.0
288.0
289.0
292.0
294.0
303.0
308.0
310.0
315.0
318.0
320.0
322.0
326.0
332.0
335.0
338.0
345.0
346.0
352.0
353.0
358.0
362.0
364.0
373.0
378.0
380.0
389.0
395.0
396.0
397.0
405.0
407.0
410.0
411.0
412.0
415.0
423.0
425.0
426.0
437.0
442.0
445.0
447.0
453.0
454.0
458.0
462.0
472.0
482.0
483.0
491.0
496.0
512.0
522.0
525.0
528.0
529.0
530.0
534.0
539.0
543.0
551.0
552.0
554.0
556.0
558.0
559.0
566.0
581.0
588.0
589.0
593.0
597.0
602.0
603.0
611.0
612.0
613.0
628.0
638.0
639.0
648.0
650.0
652.0
656.0
661.0
663.0
664.0
666.0
669.0
671.0
685.0
693.0
699.0
701.0
706.0
713.0
714.0
720.0
724.0
729.0
737.0
744.0
747.0
757.0
762.0
764.0
767.0
768.0
770.0
777.0
781.0
788.0
796.0
797.0
803.0
825.0
826.0
828.0
837.0
840.0
842.0
846.0
847.0
848.0
854.0
859.0
864.0
865.0
866.0
868.0
875.0
876.0
879.0
881.0
884.0
888.0
892.0
895.0
896.0
903.0
904.0
917.0
920.0
921.0
922.0
927.0
932.0
937.0
959.0
961.0
970.0
975.0
978.0
994.0
1001.0
1004.0
1010.0
1019.0
1020.0
1025.0
1027.0
1031.0
1033.0
1035.0
1043.0
1056.0
1065.0
1066.0
1070.0
1071.0
1072.0
1073.0
1074.0
1092.0
1094.0
1096.0
1113.0
1132.0
1133.0
1137.0
1138.0
1140.0
1152.0
1153.0
1154.0
1160.0
1161.0
1162.0
1165.0
1166.0
1179.0
1182.0
1184.0
1189.0
1192.0
1193.0
1194.0
1198.0
1203.0
1205.0
1217.0
1221.0
1222.0
1223.0
1225.0
1229.0
1262.0
1265.0
1266.0
1272.0
1278.0
1280.0
1284.0
1296.0
1297.0
1301.0
1303.0
1305.0
1307.0
1315.0
1331.0
1336.0
1346.0
1350.0
1351.0
1352.0
1353.0
1357.0
1360.0
1363.0
1364.0
1365.0
1369.0
1372.0
1376.0
1386.0
1392.0
1394.0
1400.0
1407.0
1420.0
1428.0
1433.0
1445.0
1457.0
1459.0
1473.0
1475.0
1480.0
1481.0
1482.0
1485.0
1486.0
1497.0
1498.0
1502.0
1505.0
1508.0
1509.0
1512.0
1518.0
1524.0
1532.0
1536.0
1539.0
1545.0
1552.0
1554.0
1559.0
1560.0
1565.0
1567.0
1574.0
1580.0
1581.0
1582.0
1583.0
1588.0
1589.0
1595.0
1612.0
1620.0
1625.0
1629.0
1630.0
1632.0
1641.0
1645.0
1646.0
1648.0
1657.0
1662.0
1665.0
1671.0
1673.0
1674.0
1676.0
1682.0
1683.0
1687.0
1701.0
1708.0
1724.0
1725.0
1726.0
1729.0
1730.0
1731.0
1736.0
1737.0
1741.0
1748.0
1754.0
1755.0
1757.0
1758.0
1764.0
1775.0
1777.0
1782.0
1792.0
1795.0
1796.0
1797.0
1798.0
1808.0
1809.0
1818.0
1823.0
1826.0
1839.0
1845.0
1846.0
1848.0
1849.0
1852.0
1853.0
1860.0
1876.0
1877.0
1878.0
1879.0
1885.0
1889.0
1894.0
1901.0
1902.0
1910.0
1911.0
1913.0
1933.0
1934.0
1939.0
1946.0
1947.0
1954.0
1958.0
1959.0
1965.0
1968.0
1984.0
1989.0
2011.0
2022.0
2023.0
2027.0
2029.0
2038.0
2049.0
2052.0
2056.0
2058.0
2061.0
2062.0
2064.0
2067.0
2081.0
2087.0
2093.0
2097.0
2098.0
2100.0
2108.0
2110.0
2113.0
2118.0
2123.0
2126.0
2151.0
2155.0
2161.0
2171.0
2175.0
2178.0
2188.0
2195.0
2199.0
2201.0
2202.0
2209.0
2212.0
2215.0
2218.0
2219.0
2222.0
2223.0
2225.0
2230.0
2242.0
2245.0
2251.0
2259.0
2262.0
2271.0
2283.0
2288.0
2289.0
2290.0
2294.0
2296.0
2301.0
2305.0
2308.0
2313.0
2314.0
2321.0
2326.0
2328.0
2329.0
2340.0
2353.0
2355.0
2356.0
2358.0
2371.0
2375.0
2377.0
2381.0
2398.0
2403.0
2409.0
2411.0
2412.0
2413.0
2415.0
2431.0
2433.0
2439.0
2441.0
2442.0
2455.0
2459.0
2464.0
2467.0
2479.0
2481.0
2482.0
2507.0
2516.0
2521.0
2522.0
2526.0
2538.0
2542.0
2553.0
2560.0
2562.0
2563.0
2568.0
2580.0
2582.0
2589.0
2600.0
2618.0
2620.0
2637.0
2640.0
2641.0
2650.0
2652.0
2653.0
2657.0
2661.0
2673.0
2675.0
2682.0
2692.0
2702.0
2704.0
2731.0
2733.0
2737.0
2738.0
2746.0
2747.0
2752.0
2754.0
2756.0
2764.0
2767.0
2770.0
2774.0
2787.0
2792.0
2794.0
2799.0
2801.0
2806.0
2807.0
2809.0
2810.0
2811.0
2820.0
2833.0
2834.0
2842.0
2844.0
2856.0
2870.0
2875.0
2878.0
2882.0
2884.0
2886.0
2898.0
2905.0
2910.0
2911.0
2916.0
2923.0
2935.0
2939.0
2941.0
2947.0
2949.0
2953.0
2955.0
2963.0
2967.0
2986.0
2990.0
2996.0
2998.0
3002.0
3005.0
3015.0
3016.0
3022.0
3032.0
3034.0
3038.0
3042.0
3054.0
3058.0
3061.0
3063.0
3071.0
3072.0
3076.0
3078.0
3079.0
3092.0
3093.0
3094.0
3096.0
3101.0
3102.0
3104.0
3107.0
3110.0
3123.0
3130.0
3135.0
3136.0
3139.0
3143.0
3146.0
3163.0
3166.0
3178.0
3182.0
3185.0
3187.0
3188.0
3189.0
3199.0
3218.0
3231.0
3233.0
3236.0
3241.0
3243.0
3245.0
3249.0
3251.0
3259.0
3263.0
3276.0
3278.0
3282.0
3288.0
3297.0
3299.0
3305.0
3310.0
3311.0
3313.0
3317.0
3325.0
3342.0
3353.0
3357.0
3358.0
3361.0
3364.0
3365.0
3370.0
3380.0
3391.0
3392.0
3393.0
3395.0
3400.0
3401.0
3402.0
3404.0
3405.0
3406.0
3408.0
3420.0
3426.0
3429.0
3430.0
3436.0
3438.0
3441.0
3443.0
3446.0
3447.0
3449.0
3454.0
3456.0
3460.0
3467.0
3468.0
3476.0
3485.0
3487.0
3488.0
3489.0
3490.0
3493.0
3501.0
3505.0
3507.0
3508.0
3509.0
3512.0
3513.0
3528.0
3555.0
3558.0
3575.0
3577.0
3578.0
3583.0
3593.0
3598.0
3600.0
3604.0
3606.0
3613.0
3618.0
3622.0
3633.0
3640.0
3641.0
3650.0
3651.0
3653.0
3654.0
3657.0
3658.0
3659.0
3663.0
3665.0
3666.0
3677.0
3690.0
3698.0
3699.0
3700.0
3707.0
3719.0
3721.0
3723.0
3743.0
3745.0
3746.0
3747.0
3750.0
3751.0
3762.0
3766.0
3771.0
3773.0
3777.0
3783.0
3784.0
3787.0
3789.0
3791.0
3794.0
3796.0
3798.0
3800.0
3804.0
3806.0
3808.0
3810.0
3811.0
3818.0
3819.0
3820.0
3824.0
3828.0
3831.0
3841.0
3845.0
3847.0
3848.0
3852.0
3857.0
3866.0
3868.0
3874.0
3877.0
3879.0
3882.0
3883.0
3887.0
3889.0
3890.0
3891.0
3894.0
3895.0
3896.0
3899.0
3901.0
3903.0
3906.0
3913.0
3916.0
3926.0
3930.0
3946.0
3953.0
3959.0
3960.0
3967.0
3974.0
3977.0
3990.0
4010.0
4017.0
4029.0
4030.0
4033.0
4034.0
4035.0
4044.0
4052.0
4055.0
4057.0
4059.0
4065.0
4068.0
4080.0
4090.0
4097.0
4098.0
4101.0
4102.0
4107.0
4112.0
4116.0
4118.0
4119.0
4121.0
4127.0
4129.0
4130.0
4134.0
4135.0
4140.0
4143.0
4150.0
4159.0
4160.0
4166.0
4179.0
4192.0
4195.0
4197.0
4208.0
4218.0
4223.0
4225.0
4232.0
4233.0
4238.0
4242.0
4244.0
4245.0
4249.0
4256.0
4258.0
4261.0
4268.0
4286.0
4289.0
4296.0
4298.0
4308.0
4312.0
4313.0
4333.0
4335.0
4344.0
4347.0
4354.0
4365.0
4366.0
4378.0
4388.0
4393.0
4405.0
4407.0
4417.0
4425.0
4443.0
4445.0
4453.0
4455.0
4460.0
4461.0
4463.0
4485.0
4487.0
4490.0
4493.0
4498.0
4500.0
4501.0
4505.0
4509.0
4513.0
4514.0
4524.0
4527.0
4528.0
4537.0
4544.0
4554.0
4557.0
4569.0
4592.0
4595.0
4606.0
4607.0
4609.0
4612.0
4613.0
4618.0
4620.0
4626.0
4633.0
4641.0
4643.0
4644.0
4648.0
4649.0
4653.0
4655.0
4656.0
4661.0
4665.0
4671.0
4674.0
4675.0
4681.0
4683.0
4684.0
4689.0
4691.0
4694.0
4704.0
4709.0
4711.0
4713.0
4715.0
4716.0
4731.0
4734.0
4742.0
4744.0
4755.0
4756.0
4761.0
4770.0
4775.0
4778.0
4786.0
4789.0
4798.0
4801.0
4805.0
4812.0
4813.0
4821.0
4823.0
4825.0
4831.0
4834.0
4837.0
4839.0
4846.0
4847.0
4850.0
4857.0
4859.0
4867.0
4870.0
4878.0
4881.0
4886.0
4890.0
4894.0
4895.0
4899.0
4900.0
4902.0
4903.0
4906.0
4907.0
4910.0
4919.0
4920.0
4921.0
4926.0
4930.0
4932.0
4936.0
4947.0
4950.0
4951.0
4959.0
4960.0
4972.0
4975.0
4979.0
4981.0
4986.0
4990.0
4992.0
5000.0
5003.0
5007.0
5011.0
5012.0
5013.0
5025.0
5031.0
5044.0
5047.0
5049.0
5050.0
5054.0
5056.0
5057.0
5061.0
5062.0
5063.0
5068.0
5073.0
5093.0
5107.0
5113.0
5114.0
5117.0
5118.0
5127.0
5133.0
5136.0
5139.0
5140.0
5143.0
5144.0
5146.0
5147.0
5154.0
5156.0
5169.0
5192.0
5196.0
5197.0
5199.0
5213.0
5216.0
5219.0
5223.0
5225.0
5229.0
5230.0
5251.0
5255.0
5259.0
5260.0
5262.0
5266.0
5267.0
5271.0
5272.0
5288.0
5289.0
5294.0
5306.0
5311.0
5334.0
5338.0
5343.0
5352.0
5358.0
5359.0
5373.0
5375.0
5380.0
5384.0
5386.0
5387.0
5407.0
5417.0
5421.0
5422.0
5431.0
5432.0
5435.0
5444.0
5456.0
5461.0
5462.0
5464.0
5481.0
5484.0
5485.0
5492.0
5493.0
5495.0
5501.0
5504.0
5523.0
5545.0
5546.0
5548.0
5549.0
5553.0
5556.0
5565.0
5571.0
5573.0
5575.0
5576.0
5587.0
5599.0
5604.0
5605.0
5609.0
5611.0
5613.0
5614.0
5621.0
5622.0
5626.0
5627.0
5631.0
5634.0
5639.0
5645.0
5653.0
5655.0
5656.0
5663.0
5670.0
5682.0
5685.0
5694.0
5697.0
5703.0
5704.0
5708.0
5709.0
5711.0
5718.0
5723.0
5724.0
5732.0
5733.0
5737.0
5738.0
5740.0
5746.0
5753.0
5754.0
5758.0
5779.0
5780.0
5791.0
5792.0
5802.0
5803.0
5817.0
5820.0
5823.0
5830.0
5833.0
5836.0
5840.0
5845.0
5846.0
5864.0
5870.0
5873.0
5878.0
5879.0
5881.0
5893.0
5894.0
5898.0
5899.0
5901.0
5903.0
5910.0
5911.0
5913.0
5921.0
5925.0
5926.0
5932.0
5939.0
5942.0
5946.0
5948.0
5950.0
5959.0
5968.0
5972.0
5973.0
5976.0
5978.0
5979.0
5986.0
5990.0
5991.0
5998.0
6003.0
6004.0
6008.0
6010.0
6012.0
6014.0
6027.0
6034.0
6056.0
6063.0
6066.0
6072.0
6075.0
6076.0
6084.0
6097.0
6099.0
6102.0
6104.0
6114.0
6116.0
6120.0
6122.0
6124.0
6129.0
6134.0
6146.0
6147.0
6149.0
6154.0
6171.0
6180.0
6182.0
6199.0
6200.0
6204.0
6206.0
6211.0
6214.0
6233.0
6235.0
6237.0
6238.0
6239.0
6253.0
6255.0
6265.0
6273.0
6280.0
6281.0
6282.0
6284.0
6287.0
6291.0
6313.0
6316.0
6319.0
6322.0
6327.0
6334.0
6343.0
6346.0
6349.0
6350.0
6358.0
6361.0
6371.0
6373.0
6374.0
6375.0
6376.0
6393.0
6394.0
6398.0
6410.0
6418.0
6424.0
6437.0
6452.0
6455.0
6457.0
6458.0
6461.0
6468.0
6473.0
6477.0
6478.0
6484.0
6496.0
6503.0
6505.0
6509.0
6510.0
6513.0
6516.0
6518.0
6521.0
6530.0
6538.0
6540.0
6543.0
6546.0
6547.0
6552.0
6557.0
6567.0
6575.0
6579.0
6583.0
6585.0
6589.0
6600.0
6601.0
6618.0
6625.0
6626.0
6628.0
6636.0
6637.0
6642.0
6643.0
6660.0
6665.0
6672.0
6676.0
6677.0
6679.0
6682.0
6685.0
6693.0
6694.0
6698.0
6699.0
6700.0
6707.0
6715.0
6717.0
6723.0
6728.0
6730.0
6732.0
6740.0
6745.0
6746.0
6752.0
6767.0
6781.0
6789.0
6792.0
6794.0
6800.0
6801.0
6809.0
6812.0
6814.0
6817.0
6820.0
6827.0
6835.0
6837.0
6849.0
6860.0
6862.0
6863.0
6866.0
6869.0
6878.0
6881.0
6891.0
6892.0
6893.0
6906.0
6907.0
6914.0
6915.0
6918.0
6920.0
6926.0
6933.0
6941.0
6946.0
6948.0
6951.0
6963.0
6969.0
6975.0
6983.0
6988.0
6991.0
7004.0
7009.0
7010.0
7018.0
7025.0
7035.0
7050.0
7055.0
7058.0
7060.0
7073.0
7074.0
7078.0
7080.0
7086.0
7089.0
7090.0
7097.0
7100.0
7101.0
7117.0
7118.0
7121.0
7126.0
7127.0
7131.0
7135.0
7136.0
7137.0
7138.0
7141.0
7146.0
7147.0
7149.0
7150.0
7156.0
7175.0
7184.0
7185.0
7186.0
7190.0
7191.0
7192.0
7204.0
7209.0
7213.0
7214.0
7215.0
7216.0
7220.0
7226.0
7228.0
7244.0
7251.0
7259.0
7274.0
7277.0
7279.0
7281.0
7282.0
7287.0
7288.0
7291.0
7298.0
7303.0
7319.0
7326.0
7336.0
7344.0
7346.0
7348.0
7351.0
7353.0
7354.0
7358.0
7361.0
7367.0
7376.0
7380.0
7381.0
7387.0
7394.0
7396.0
7403.0
7407.0
7408.0
7419.0
7422.0
7433.0
7451.0
7455.0
7462.0
7464.0
7470.0
7474.0
7481.0
7483.0
7485.0
7486.0
7500.0
7501.0
7502.0
7509.0
7510.0
7519.0
7521.0
7525.0
7530.0
7533.0
7540.0
7542.0
7559.0
7562.0
7571.0
7575.0
7581.0
7587.0
7590.0
7593.0
7604.0
7619.0
7622.0
7630.0
7631.0
7637.0
7639.0
7640.0
7653.0
7661.0
7662.0
7671.0
7672.0
7674.0
7677.0
7688.0
7700.0
7702.0
7703.0
7706.0
7711.0
7713.0
7717.0
7720.0
7725.0
7729.0
7738.0
7750.0
7759.0
7760.0
7762.0
7764.0
7771.0
7772.0
7775.0
7777.0
7778.0
7779.0
7782.0
7783.0
7789.0
7793.0
7794.0
7798.0
7801.0
7816.0
7829.0
7854.0
7855.0
7859.0
7860.0
7863.0
7872.0
7881.0
7891.0
7901.0
7911.0
7912.0
7915.0
7921.0
7922.0
7924.0
7928.0
7929.0
7938.0
7942.0
7946.0
7954.0
7968.0
7972.0
7989.0
7991.0
