37.0
95.0
145.0
159.0
197.0
238.0
239.0
258.0
280.0
290.0
328.0
355.0
432.0
481.0
557.0
574.0
595.0
618.0
642.0
665.0
703.0
736.0
878.0
918.0
939.0
974.0
1032.0
1047.0
1175.0
1190.0
1269.0
1380.0
1393.0
1409.0
1439.0
1483.0
1535.0
1584.0
1600.0
1623.0
1659.0
1680.0
1747.0
1842.0
2002.0
2007.0
2025.0
2028.0
2054.0
2107.0
2129.0
2131.0
2145.0
2154.0
2176.0
2228.0
2282.0
2306.0
2350.0
2372.0
2391.0
2460.0
2466.0
2564.0
2569.0
2629.0
2654.0
2727.0
2789.0
2791.0
2835.0
2843.0
2855.0
2869.0
2885.0
2896.0
2969.0
2971.0
2975.0
3074.0
3103.0
3122.0
3265.0
3268.0
3285.0
3362.0
3369.0
3415.0
3422.0
3486.0
3530.0
3535.0
3597.0
3621.0
3673.0
3684.0
3761.0
3830.0
3849.0
3880.0
3943.0
3950.0
3975.0
4146.0
4367.0
4373.0
4429.0
4465.0
4471.0
4518.0
4583.0
4646.0
4961.0
5051.0
5135.0
5152.0
5224.0
5268.0
5327.0
5328.0
5411.0
5426.0
5510.0
5574.0
5638.0
5657.0
5705.0
5706.0
5782.0
5825.0
5841.0
5900.0
5930.0
5983.0
6070.0
6087.0
6098.0
6101.0
6141.0
6222.0
6320.0
6445.0
6515.0
6621.0
6647.0
6653.0
6706.0
6718.0
6722.0
6766.0
6793.0
6884.0
6910.0
6913.0
6916.0
6922.0
6944.0
6952.0
7103.0
7159.0
7237.0
7285.0
7297.0
7356.0
7379.0
7476.0
7488.0
7537.0
7557.0
7589.0
7636.0
7714.0
7810.0
7889.0
7935.0
7950.0
7982.0
